7476760589625268543
4697014490911193675
-4653836020042332281
-8175048003539471998
-8377411942628634656
-7046289575185911002
-5932391056759866388
2787171473654490487
-7129272008741138808
2587540952280802350
-4931965624608608932
-6748914495015758455
-5513826101327857645
2347973810368732059
9069451131871918127
-8132909213241034354
-3517637179126242000
-5872443091340192918
-3522198575349379632
1127459907694805235
-5024074905263842849
198848245836228716
8697050490955193511
1462130073299421617
-8388675223914479274
6940355838132160535
1929433213325443915
5838214150045022184
5247920953015099584
6926244324609892988
-8234985547322968859
3738968195649774859
6233332241905300962
-3388534223137478077
-2244015987817045493
-1957590033086240723
1833966078556927530
-3026760652624195547
464098448481254928
-7755760251312795490
6128804744224159220
-974948214077502397
2253846628644635942
8977315052041277515
-8320373689946067773
-6094988058243923104
4244109851160069017
-306626713584702071
-6206436693745657677
8476641588870267502
2339809570377332086
2838091149470021485
-296557676636955101
10765275175571242
7237193447717198432
461073897687077027
5713014937920165769
6136403420715230873
6913268882499481459
6482420820999758130
6010787275257571576
-7382441326522573326
5727179283235569021
8753586927626560871
2176113691990522905
4715442001886462944
-7154752383833648999
-4842117090584879970
4925324689486413355
-6259864339809244567
7327336430450495350
-6300335881941851794
-6746100647744083283
-3395612187041625063
-3221108052186253383
7461031052158017715
-7358589937244777363
1936426631796262053
7128941744969160079
8939629250892191652
5370870069386720811
-1115593437686158905
7263346613600732510
-1134449461011864348
-7276757922692328501
929552214112445114
4783946863855560712
-4175044003751472418
-1715880907958721415
4313812860434517324
-6396968224948153401
3804601920633030746
-1716547219669564708
-8963554618409314978
3195914392210930723
2804720921356031819
-8129153007982137565
6090807681448489886
127578908485806392
-5603787840210684334
6006627476560013656
-1812694399780494968
-4847411431971122436
467854653740151741
7467981654311152612
5905055941872077172
8719892509048178531
-2945591676659457448
-5265476641576484497
-1528665449659634829
-3171321284640461062
-8655945395761165989
8461136052903019092
8038679761480862184
8934878948902408411
-429636223750539488
-3530498516767785588
-815198876455192216
-205887421398457440
8690965822342756180
5907221298687398924
-2470450211317525201
-6440461292041887516
6189759144033325615
3040328401474530651
3812630496047239920
8057405216243595195
-5630468373378416690
4797226510592237555
-8261875436896588399
-6306904715218704629
-272391079030611182
4735980801943654043
7394822415369169180
-5029367761183847365
-6962046606718337437
-3710154354006596575
-2428977755640385826
5735861801184653052
-7389439858234957818
-284442997366536173
7768176858078358290
-6916771625541437162
4926226324555892746
3257681557352812938
7637660878558952620
-8496378976475952232
1870872991887862017
-3228559176932703230
-8412622048338198339
-1939629710310803463
-5307971550110056052
2914574150347219426
-5535923551616745326
3698337232083548513
3710958733904838649
8793023054666221242
7084375848696637802
-6270130442784051389
-7388356979267008104
7077785751173689029
3587421951489801185
5154428478508391411
-8273296485558712517
5572121657225835907
8722585993781275470
5127719909274807567
-4844983888056131462
-5653685018999330538
4960981578552030421
-8974466804582129986
-3171150797683574404
3060490612540832338
-5934472074045979437
-5533197189576067599
4287430850224527380
-2190087081896469323
4482402820945758152
-1172491018201020094
-6655927395515165363
738845194850773558
6621328949299074002
3368482620480350745
-8780119653771094858
6170121829697589402
7358743120658680867
-937436842931607517
8255556364363894453
4039480952417102913
3395688050394648705
-2957727033863241782
-111444386959930591
-1689319711084901730
8313816860478517392
-3655804394968164826
-2696736445927423374
2042413966701758841
813840053768678454
7296682137888894474
5607854572232625967
-2252347929235450937
-4233501032149248553
4928686579058965613
4531492575592394249
-4186044945552320533
7792886053889220161
-3717741907951064981
9131224113041702374
2183097528579409954
-5078457515830483462
4248039953806100751
1790630374868647951
-1247043476329724186
-641296879189318453
-6531816480725651453
-6826175758878956514
-7300216881186850753
-7831006970405086046
4619805718368927775
-1829585873417382293
-7506384235581390893
-159483088220219835
-8491251183816682310
6179724419779689236
5156370773381774555
7278414220583882776
1361918053618377737
4005373146530184315
-289045265883160915
-282465978976186486
-5097986439797765367
881452243543100756
8824437633825893435
-2051131023989903826
-3941819252743792375
9213605013227137867
-1097982440009765819
8064131816828727404
5010906275996572633
-5276739922638328515
1516199613903032963
3571603611933812906
-1282613433387309359
-4375644834375081381
4941167822436894045
2919247920214845195
-8735763339754712849
8733716205359733790
233310241887300764
4350097186097565949
-8424110050280813309
6797468512182240005
8298071112958190037
2545990029501556303
-2053435107881296665
-2144284217804152768
2615243982215418774
-4510220896859961775
730827694591115921
-548176348047239669
-2473845757256782581
-1966338279544387275
-8955755936847898358
-982546890824575042
5246457218661843199
8459909699372349975
-4575888989282246797
-7521397384381138775
-1029971585579892097
2919541457568923211
-5839832565699655443
8286067888742086892
-4315378960086848699
1840848880823843395
-5312820382794140407
-978567319737022832
2872176636559084285
-3747151213341814246
9046073171251654509
-7270992690764838239
6815248286057533876
-4685012381295525749
7761820454097708905
-9181954421703290111
-7956765969654512096
-7890270533039637284
4931893522763265934
-4854080174949497665
-1818608831920242374
5184213573444025305
630831651100348477
8293646724873095388
9194725009816296853
-5939784184924423143
5630647833836040328
-8754995617056317074
-9202493221760481170
-4317515119936650885
7932776971796693414
-8177829350826196308
-8292841471210057658
-9193714286190364511
7951349602759061249
-5547065374611946666
-760432988437306018
1852158852467264362
4385853633333586686
4615229981949418360
2707519855514695474
-5528371788726186348
8794289579418543667
4599901512332593544
-3356822828991224126
4126348383745483901
4738849194894773882
6797754925234728042
2024918785185496622
4138657073201347687
-5844864887297130495
1594206519891776533
1602071285682694082
-4971742318987291185
3950343097199599450
-3296456675883953898
-8075733003501829416
76251316322796397
953535750771065392
-3097968439743765133
844641982688873856
-7128402373671658935
-51758657721381745
-8608059476818882548
2409703646005059599
2063575091370043114
787153473600490253
-989115724037427557
5956877252529086741
8257566556637812025
-1379124819653208034
-9207116738755198978
-1306763714361703082
6250588152296764472
6929574213890444536
-8314147124186495753
-7071261048854153122
-3531693480182650642
2131451573312950491
-4134572461810865895
-7604888719168633942
3502510845760007338
4047468682330031577
-3928200017056854908
-2600289688622465762
-608973789957727561
1373190831171479026
5952941860558359871
7596780943228995766
3620560314982595526
1132762216411335839
-5197200702793464225
-4047806587665289083
-3603500707650257526
3797085517647336536
4956126618474609139
5933701962734903797
5695691654483839948
-2259482849339758626
-4200589112729926854
-8209651626505353779
5244246852161070930
5953579394093512194
3035038556984966446
-7602563957335875707
-7057974542385626232
-2137715778200077463
-8873311207356144485
6820927470420761553
-3926387480955996855
3065185060409823831
-1129282008947139174
-1520473749037658594
-2645598356987416013
2865051795429918701
1050656117889645239
-3519446969668241763
4195795391451929480
5190476938344202375
-6289779852907129222
8055035767327224979
-5289642852158128373
-839691564858654120
2425886132400160849
-7244570757266327934
2369354056312575099
5926107323796891757
-9176307901497282391
6475428416648710661
2904932941037075699
1239585011552693824
-7710528027833427554
-9071279048844153004
-1848585092512027184
-634630012192348800
-268886646698338239
-6254806834008898035
-1046296830523760923
7477964425265621109
-2597010810359075675
-6637171571708691638
5947021459447809684
1454068188007247787
-8475158770269030212
7473164687826110412
3828720201351423909
8046021685069769060
4970306416006110305
-578156641762363345
-3068146477308733962
-8083178479064909945
9095332521007865159
-6935423857365477159
9068963265682720586
-266893549648994617
-2841676129656881967
-5095107059002924325
1812995334969284166
3516675537008870086
-1950281665227851925
-1835741376927652987
-2549689272203498237
2382911985227044227
4634825204717668542
-1277067587393743060
-6146340868276977273
827494981788980052
4837684718742000390
-5086388271920197202
-9020242569147281890
-2026327474615253081
-2874840460379736898
-5833678375673307423
-8921033697231531910
8904735555009151318
-3760933726347836551
-9135942013846644865
6834107079157928311
-2299947672181109599
-2149884934935655725
42427966967759255
637187908693888049
7010924276002572467
-2171184283895460175
-2825319746094646426
-6693924458286834451
2816249700493135244
-3689337711138901728
-6517930494079585324
6885406542446231991
1711676439522387331
944960297467578380
-447621759006218148
1185488181830527625
-7042349381148393717
-3744255770910909874
1627700927594133302
703579324144045970
-4287768755595785006
461773686652496701
7866576113340895115
-6317533119990651087
-1542494247795425821
-1862396277886347795
-935949748105096019
3349960185284564716
-4628321180307498093
-6162947324507053330
-3027130786863096591
-6034172062640988486
2802807297246536023
-5732564720446782766
682625880884350440
-4035035703637267442
-3786783429120743159
-6754977617002317104
-2148914447613726391
3627686927328132632
6324291111388754690
4414099537132285176
-5378699121209676383
1160326435131345730
5308164272008345585
3253007787485187171
-7308850312940048311
7395901697861074527
-3841172786213101111
6195781391249929126
1729853366387155808
-1386735796399192077
518807297849537945
-6118242661945663443
6726696617713153281
413439106341806001
9065926021602280000
-8276586243967962122
-6719522112518617217
-6409557685183119664
-5985158251850250708
-7277482017937763537
-8091634157538766119
4817185265171864610
1052210788805438774
1426144244057814596
-5470415613430156594
827957941427433969
-3576039990329248748
5797617924457726769
3629577244055910406
-708798485013978373
-7044206989263083569
-6152189531591576162
9094462885938385286
4042431966963759443
6287448850278527582
1419888939115658319
3444689810794944326
-5363951565728187051
-5369979592181110026
248035954018101491
-5703675413724357458
-8700804433466361123
-7273415486317713764
-7207130738765198908
7237300102721734709
-9070887554893837092
-1542232383501596031
-6708234822310526870
1757481363245650831
-4396474713128893708
-5513159789605014384
3054894766742224422
-5046409709390354060
-3174907002942471215
1619650717341926052
7759352448651569694
-7965124443634034243
-7727523866482191789
-3374255859373786194
5839782150254018914
-5243683122430849003
-3854199175676498768
-1251238547469584119
-3924161035524229969
-4966205278807386328
-640353611485256377
1233447242664302071
7863420741562613788
2184408420667115619
7756633728210171144
4686386086139247217
3939940843357256698
6113530251130504317
3418451812342379591
6694271821571834609
3541067235871077620
-2976933761878585560
6022205592682717526
-2689200710357900655
4393756319132924838
1587086886808885540
6977349729988642589
-3982701891595575995
6277846260132427404
-8809065195096599018
5160330435175345822
-8271228722369845310
1420790574181137744
-3283270692786298820
3685645489515579384
-2727382865693190624
3471965724367244818
-5200726113506927935
4616259206801512351
8581614941770002764
418328811539378284
4957478629964985687
-2973837578933146413
-6283425693557299769
-6833660726951706273
8852526557827312102
496702181072361916
-3751354412512421448
4136380367039673024
7256815922327333383
-3315241959305847628
7812202290035421510
2929797094746327749
6957390495980542955
1804583920579030544
-5710723271693897389
-4638359948015624821
5653231896805341062
6932639971019692365
2820174307247949506
-1304753272343710201
9149698301250936831
-9191306710136658354
-400525901828896492
-4647222608650438774
2271656070098079690
-6395945633142271042
-1201071336132923959
1596731429083745156
3487209931552756601
-7388085101860430821
760095082858047992
4697494136307113064
-7496262653600316163
8804742921198031305
-529754693268731380
-1352932315759920358
7347858809625731174
1206356642865167537
-7936478422771207620
-7623698017321962840
-3047203140006640650
-2611831146743123406
-7844932991499998016
-5091735158287767326
6519476806919078477
958161591095441794
8138693073229347555
-7601662322270396050
-6596826271593118393
5756731651366776550
-1980876636979981304
-4171145772160186792
-5301319902100253987
-1064152954200704555
3905069941818076706
-5247895193618942845
7236666175467998449
-8485136373063472642
3506606446388448264
4756075562652254270
2420025939860659200
8610942552777272887
5804619920623030604
6598132981359524758
3820922726386715360
7486533344878788752
-7483543763655495143
-8583893266269238848
3865463466240567990
-8930817928939351690
-43144747296912569
-7808628529824183580
1921090990457446246
180604055055169479
-3716565219723564694
-8604769718409632655
-3645735357732416904
-5295045465633304607
-8109793286902118151
2834103079369928763
3833854281930673428
130333997183751313
-2523521411748733187
-4921793805334628695
6685544489022578691
-2825316495796585570
-4678726459447663357
-2081265111210072467
-8292500896134696267
-6940383844640051830
7592036674792056069
-744588636265106420
6382915985015043807
3010920276006572535
-3410895965080918002
-4155499018100127309
-8817405446696378563
-383231890572301883
-1578624787506041748
-7920896696482531061
2084207601051673062
1840534911833780111
7612369293897193240
5948340753284292141
6906396683286432414
-5640305545736968503
-7823160150035726894
7261047446949365330
-2288652390863265229
3617227602782777289
-6388689223924479176
-7468440516386812822
-4741393399987719483
7460701391128569030
8504432231932962955
-6071124048045151919
-8707554510573683939
-9189942151584218583
-6491404294933335370
-6192377716103890229
8570540777066461619
4730384719025183341
1728510704906079580
3158986214629900032
9066598418877635793
-2503896161629471198
5613061346723845145
-6592842803508310786
-5264509641502027935
-2667619839677460873
-3182736478163180292
-315342960042848847
6125464748666004102
-3236569225419487076
-7283993654004755131
3833526104478731847
4415415525561784599
-1918603044132414919
4702119494763791392
9156630774705776151
-1893973624410841323
2312947142927298399
-7432059592404082070
-6324454162664245193
-2410784981474048482
-266612986122336493
-4425978037524959779
4609970549280340514
7637093652853037385
3250728804941389085
4404054447851686653
4637223908993888877
447397644319813678
9122390911750307690
1544762873717585184
3884291561362839346
-1744725637042107477
5497802635036879185
-8914464863762678881
2284379093365280181
-6183831864696688691
-135332569645961696
-512794068235242963
-5715197946812265320
-5996724989260181298
2460528390051567153
-2059083978137705082
7504765820134758058
2382426917414671257
2853317843458689854
7936068733703908459
-7985176251840250566
-2061736283751455185
9146509192468700917
6942933009551442007
2515257722796787281
2188640265057376235
2858911571784840089
-5189774979662589703
1158968214639900190
3724597838339541191
-1929640564915846432
-7552404094855378396
-3167668871180030042
5202151316393223580
-2913093524691408320
6038661761506862294
-9165709055872875620
6961740701383079699
-2379261820462209275
7342156431046465584
5359369588772834743
4610596224687453206
-8240034336161147774
-1256788148331186620
-7517165859759106844
1257663557362813056
-625653602673789324
-7160549933950402575
-5932102625385609989
-591874827809654669
-5770137307181057796
-7292395895641695708
258278081117318884
6484682671069961166
-6604751718355632709
-4618963433435933606
-6489468578488009978
5851127098417361943
465065448523711562
-9189723362012067754
4826295158480970984
5779833930274639409
-2290914319004584677
-5703183951095115476
-807273409165680991
4917951176751980069
-1991783242057111803
1358721120864681533
9082490625628998409
-2747980002569958761
8602230286237694587
5502528845814007324
5691190333995993179
6730370718823182775
-8592873429166825073
-8217837422471420147
-3025995229993781911
9198481215327194426
125312951999750184
-8368395784867923046
-5183558434685668615
-2630097082058343181
-1057952542303625894
2470455971679919165
-468770502684675821
4925534126353181729
-1091735150683667954
521166281704794588
4836843257444966243
9059610977317352399
-6175062003741472300
9128959745023160305
-8690124345701380826
1679310042378651050
-1604866719326634456
-4815275050173093300
1958042590336440825
-4341766724811689661
-1739559252355167518
-3890819584814276652
-7306785714459703344
1033816721290613934
4840599462703862798
-7149588690342184679
-8468200558891408887
4136385420677230855
-8612737995048623998
-99435378441769379
-2539026947967982415
6362359524660190859
5347872809635730844
-7790543634407640064
-7595304912654505661
3313675859625516103
-8965261444411035302
88534707019739220
794249579378543643
-9079470749530129591
-3841500937953087637
5707939385348112587
5671276587666317392
-212983527176510806
-8349134305416910889
2605430974769704433
-3652432494449008463
6508005928201477851
-4496395654369317320
3134999190540085909
-4257846564893706064
-7713914559325493608
8183806489787866605
1830804034504888946
-5125145036909317713
-6078338515107482389
-3432055592616082778
359417859466491096
-7578315642593364536
-8930028685451892597
-3312802382740140173
7739004195693774975
-488107960667424881
6049758334588147235
-6432674419326406562
842846501417201550
4756734728979172533
2812493495238238719
-7767289030705899707
-6666640731218555667
-8071006555424837523
4747555070055547950
7394364441236973511
-365800917376380011
-3815137940251520680
-4091858151482669277
-4040879839908947110
5947293336854386967
-2296774384623513526
-5595879090352905906
3756597728166171300
-1778799897295902095
-5898042623189598071
-3158683775760375553
-8541903517951398969
-9190214082467470004
-5715009224102355943
-4192326172667715237
-3206175865018905637
7482525821744759509
3383016985780045156
-3754053668725070591
616649108700697054
-3250879589215178639
4627183237363916621
8472140268318420389
7312924884970992973
2457803616542404093
6416634393997402328
-3478495961956304702
3701339131568161889
-2366809508980261782
123077587949959463
-7653703019053330516
6504465711645201248
8932881972353694103
-3291559261920410222
-5064872869819184144
-4470468211371525147
-2890682584037275637
-3382453256049823037
1039581953154104132
5399048486759263580
6618922083065447616
-1865182682318401776
377872747222364124
-3595861090298905936
2782670153102643340
4645077198390733438
1945786109636206690
-1751271042943524239
-4484663127649000563
4229259523827570399
-6527607154405707868
7727115678845931341
-6032657214426631468
-3708317668645277943
-360384494934733643
518747274885843149
-5997976963484475428
-4453988975677283684
3932429241903732643
2190609939333204140
6782194019060585190
6973540846536380068
-2063727883907680094
8193534055954643057
-3357905707959173812
-5385537249890202479
-7135491570488962839
-5074225991224451769
2960665917532581398
7526284554176419967
3787020472867489510
-5271733747232358004
-5040760839149945887
6934860948848408209
946699215012338966
4811575033152182097
-7503593820279639580
-5599700847208221405
-202658488388760612
8352857959906729837
1568371821273406570
5219394751292749705
-9179561545443484234
-1026446475374254312
4490622415459881951
7347583870493810379
4689502080141399321
-6093784317638569039
-2034168062596988170
763866869706749928
6529847503002197165
8295464382327368710
119806503996110046
-4408042312386689938
-5483703385391965908
886720308663584531
-7505564508903239248
1600231632806639649
8626700618973750024
3696877490134192400
-4247291014640570922
4812219843382485857
8592306961204380723
-7501152358833888406
2353421622418180700
2828956716673540412
-6282754433984310142
766832051768165842
-2986674727438907115
4305750675950968059
-1050994023208902753
7621209948544072707
-8563498708650043882
5254885710391138776
2417376459854712213
-6583250835532759869
-3473185444055940411
-3405934480693224008
-5813711400072121925
-5691180727135013099
6459923699638350593
4404507569092733905
4585410756047464122
-7981154638613983862
-2270819689943837066
723459724834097281
5702343302237640989
5782598437912985562
3844703788726806478
6744898938415762500
8467862653556151381
-5638240947256623536
7116875195131178045
2407908164985388095
6613336256439380973
6493581724141198741
-165795973545465285
2822645753203672373
-3713654557729491068
-258386705672313678
4170007516780842790
-4977997420793944836
-8690716061410596833
5395292281504366735
6810657854754527644
8317207117905033099
4620290839673975123
6718676536613592056
-5769304345757607597
8816271700543135410
2589127531890201053
6076152359408392737
-1952321452846772720
2274503685210781685
821606580646429455
-4178747664009041637
4483304456267238355
3713873141839444525
-2086863971949478092
-7720011455952398211
8708752360243767625
-6735005805343177510
2943300522656247996
8939220707786185310
8736568593417750581
-8404500132661066458
5848637742305626393
5634706203962667503
2757362362486649844
2951766750408260687
6756871902441838709
7804861921957032342
-7377762807972831044
-4921212371110555224
-4290228299766776524
-67242350353941334
7063855203073696823
-2432174593375084007
5397363254409200346
-6736490454993663221
4695031998360726172
3166881464375738634
-7036693081856171470
2478695500618560154
6904717554955151340
-526142875017934439
3543938934441229122
-5221193982773845879
-8594215559868837681
5252993787219186549
-6365086022926708021
8200594842344508448
-7932120625439610191
1054876766752224572
-8486098563596716567
-1396906697095000000
4929368500838767949
-1538889947190981142
3819644721564677600
-8345568006997976676
2584084025551203106
594354776006627907
7251741387843544019
-3356135166980817710
530848751124349321
-2901486774679816593
-507963918987245871
-6383679864498497348
2163040607327628261
-3900318848301728120
1410196403110961308
-2324450162924245773
-3834635940635905116
7292865377486234297
1063815048865447049
2353969577414666795
-5487281968920391812
-6839713564940654454
-4480048862397337587
7253987629229636499
-8966465280115387956
-3228384271303228006
-2973677681520235556
-1843921060214341675
-71019233546203287
-3612010574565570785
-3951934460716379725
6706204399096967608
852657668925964952
-7377977482151854926
-276421274438901622
6696888779902697750
8600390633617640920
4059342155144310804
7814644688097156830
741041172583638581
-5163066325262054561
-8851453106026851602
-3880682617352937394
-4539885023607921459
400747363837837128
2038346666458203301
7449878083916369913
-4627817822262492884
-8274522839089381384
8128505679583243627
2348439063888615756
8382235673310200820
7580468821069307570
564572820242783793
8935949732944907212
-4422893742093299170
-7361228668063598860
4436696703857194132
-8503907262844320611
-3553102336811813291
-7070869554647836474
5726472656163532877
-4677755972317734407
7037298644597283282
-6981148859720148373
-7986077887193730895
5946584214253337859
-3648949148370823486
-922729887773674204
8642394293468828144
-4599393636727163429
-7190905870850613172
-6945469483209653697
8256920922884334326
-8229741297693398188
-2307848549279054583
818287567137330443
6183788489797866727
3894468979819174909
-2537905926744578235
2620423314205594477
-3578642787560041946
5928085201623066659
3610084801689226312
-8609111586421981129
-9140852396937582232
-3239287231047622718
7948446893985702497
2977313729944642721
8694289821625834555
6844176116329675849
-1962878356219717823
5805762942747256642
-1191558361922411092
3269885488164851993
6236529174658997246
-4060949394271665296
8671770789948109260
4957801366570676979
-7303588876741005401
863356787255652960
-8259133109129167396
-766570757389698163
4051456752430124035
-1293257957773648492
-4328908197646748895
-8300353881995851996
-2208197439532367343
-6276620921915327444
9030484820615456959
-6216930488646770123
7259175568841790177
-5871239255891841056
7782743223410052415
7460414977820080497
-6236292131168251599
1663857393137459269
-2129487364414263467
3746853056228709186
-8818294023490369214
-3149765934180654494
2818819550873422543
8965027945689978971
-240041917918953337
-1763510825413002970
8359524589555835842
3369244421450766217
7102537040333046812
-7484786128448001888
4160758010753708150
490895094889249343
1132414472776926617
-867255783834664811
-5260649651987088163
3514313626604886295
8413855607660856960
-2225963092592501897
7397800594994209068
1135013190742086467
-940415022552647187
-7361625848712741016
-4209647626717354471
-965420152559594547
-4257109999343611847
-4805592090163108544
-8956015930535800390
-4694038752172489928
6328008869454085969
8769048100855794356
-6209906485884066381
6670672465634268947
-5872703085284095974
5246141644644299038
-6818308023500369068
3168235720721035056
-5606269680673074664
-7625780603244790259
4019630484311065906
7911910053664227396
-3308846312896048251
8022905568116914967
7318907785137551256
-9119389643029055864
-5028991260192797058
-7951567235515055279
4444970904898179447
4972909213208903305
5963738322232438878
6851000582045015586
-8932546057542867495
-506893134880746982
-3484587020435445267
3594347865816291236
-5292942471963059053
-1632756942582150130
2280739588051656760
-7733780507306249147
7594028509049751156
3732595370398382489
-129145008166137909
-7483215586203553366
3588426558825683351
-1298289728721376820
5626661657638885119
7636490825137648383
-9042319505331818906
1026888672378692933
-6539903023853922085
6051847744604517372
6899487786424878606
5675178131106424242
-6392418462462658998
-4552983336052812034
-1909670907650306800
-1692861144730989249
1907358896483963221
8505548454445236460
-1541526768635629880
8958330808961387452
2853547827536559669
-2113178690855415018
7703565330513018712
8862969808231313935
1255429363788893814
-1805719959600766714
-3693801457711833752
7702329302227641319
5081547367786156934
7520467742563767493
1616786109481698063
-5041846259853346443
948223640148622714
-5725284888663475863
-5257727564138704831
9051597753027124816
-6927564467091501561
-4779086475169195362
-8252369929269451135
3076374316897797096
6182995394588967366
5082138874375887068
-3862493943988412715
-5421686840411739502
8595696185560648723
-7074431704504128900
5284915626131431417
3812457715228923422
7600253632840639847
-8210095891948580913
3951903751153261568
3933715962680903331
-2929521564160845391
-8520632749868659783
-6522242102892532323
-372645249911808449
-2755271738371556635
-7083407008369163240
-6857749722158756463
2034901556203965439
-4799035831110725204
-9151760353406633174
-3418975465402388399
4647413168079516052
382893984981043609
1919404456791921936
4464289448417062777
701949295768128821
-277167144631131335
-3915577320911199709
-1539232755387832050
463750704786845608
-2724031079357275465
-721980443721545552
1250723830949130791
4924342969990018100
7133408858573433781
-2708575780282931506
1037023387911431229
-825114746136838945
7483087310385189621
8030347819806455716
-2068265478067735255
-7867382784409665450
8179083291996935578
-5685149382072526764
-2711304591685155515
-4491669206292325427
-7402734281641073196
4144904362303444936
-8240210429963382718
-8088921220052974621
-6915348499066159040
-464404353548511930
8862426237057348309
-6759553353177825959
-5548317348868241000
6018641953300645757
309958747543063025
3284260092574278990
3746420612845027050
6762330993624022175
951420572902318966
2600368633583640730
3359253792326581125
-823705168688534512
850238065607344830
8325178746224233621
-598219288744642833
-4081540261748731445
7820378771178228515
8674249008302499974
5166023152376080980
-3381299024709108173
7629234416111856945
-5273197481621614579
1867700512809885443
1200263233485735432
-3706981066449000502
-2644663447358037130
-7100390008334527804
-4182785338248771093
6050797118662646484
2457765753528575807
-6998290057807710917
8616327459839591065
-2289743852863129386
8964412122585477761
-1412463047763197934
-5364712160899856113
-5388067101870430963
4351331710881888756
-8276638921905327302
6133764690084410026
5620442535590473483
191637238080651225
-5297443792466905800
-253382038868549836
6185119154639737496
-2944189228057544610
7734445005828304333
5353288621685179703
-8191454429180787392
2027693463582123305
1125547749381005553
2036843942643102910
-5013142463389228316
-1934955940447177718
1821708782890605889
-2627298052801704596
-8693020145305989672
252983656834218346
-7492106985145719459
-3052663234141228029
-3276544275225902971
-1240792551973430931
-7169012814272124935
-3090002907972924303
-4349610335189937101
-6904365249093892053
949201624235522947
-7074211991214451843
-2863351392293563325
-6315309392483863834
-7489955918423825768
-1361410429514384644
-5281817566948863661
-1315223959315847746
1126193382942482810
-3406580114446701705
6527178798961531478
546485900534542453
4828857202132424980
-2966187278753386350
6785477830855995834
1553849747662134917
927157639555241548
-9035795297707480288
-2272840038915065759
8556653203196579720
6757776550201397844
8490591142396750145
-2378023649280419876
7637995288174517586
825212004163502270
6213925354582969315
3028813107806213121
3174540452399560541
-6371157878623138908
-8767951075485440550
-601365943784756897
5821744782934605757
2155175112774869721
7595559184779647650
-889305800681925481
4221221164136980100
-2373633737287737773
3184436881335535852
5531373574865393154
2936563632577263124
1175002826479428070
7109155344798314039
-2673780766719859192
8324188154674351824
6078344289069629246
966315115653954432
3763285734883690035
9206275686244764875
1595537184985648316
-6237225386243356575
-5383470687773556672
810067918938531886
-183764869825974842
-5924179035578229915
2325532988800688306
1195896392220930869
3251367506358243575
-4115748438709160582
-7939651710392803797
-8252138064428255186
5732944515355059947
-7603044093174944268
8019634484099065422
6579813155637084319
-7977896420088943791
1395928881946561577
8802446458100491067
-8919090222223357239
8342973438096245566
4054009175749343326
5475971414084036126
4373313832006480501
-1633889204737016877
-1086776593449646556
3067810456941800068
9130379775893585932
-4324468162930245863
1245968097376795823
5860709468180973459
6569012000551779051
-6595993041154510107
-4271026173614872626
318951904052750793
4202270317152224827
-8360291425523348325
9190512938628203011
-6645253738893652511
7834244026558534803
5166899464429738864
-1287901756552786603
-138889680107600025
-1296893385346514597
-288666390873265147
7461900687223497572
-7485487238471669174
-8128542371912229421
7065221060437823699
9038362052565301884
-8164473300321350006
-1449057232044065503
-9144190321895213851
5203073629384068409
-2266542845480926197
-3088118575759681401
-8151293691584183256
5636960665828891411
-8509302583613116358
-3779205475924196401
5861391680921034810
3490469538808305901
-3333307402327293632
435735599673143337
-490310687477662812
-5935542858156478574
8417849371287704224
-2484450019658444218
-8091907016971478715
-3151738353564633688
-2048928297371666315
4804738921410031805
-358825977155420974
-6686716088012864449
397242931505564187
4810639854700527658
-985918886318729368
6571758612764814199
-2454705495458529924
-2819800414696664771
7413344850500955337
2358602120077680332
-660152330539825076
7571379618289910710
-269620530311797923
4913250882493481369
-2578011073631737197
-2385947124746715908
7389988565950056336
-6925670792665757873
-7183504421866007218
-4864988131354548295
7614334876627285822
-1702694829810068100
4284828052993734182
4882127780588218185
8198062245752130541
-833074414957851585
-5182171624642467270
8339019570260683343
-7588378164638163170
-8691303727714013806
-1733532638025265853
8075550195042412872
-3197365677142313316
-7865809443640391823
-7515893735868429527
5914441149326217509
4465753277789317273
-4312939383521141502
-5476101493799111825
-4176422902180283138
3386710421554370087
-6599837848209223060
-1964167534274656346
-5521192594818987848
-1953157642467237515
-9045567936064089227
-7256910573245396514
4113529672303259565
6455482856502656063
-5461355180342040702
-6159931062146415300
-7032762215239632923
7711303308980200160
4303166553155574827
-809545061433796799
3940307365339924233
2168515087433636094
-5287905756596786919
-6947449472089792515
7497132452884561764
1883376476350161480
6719184207199359959
-8057515460092391911
5837628487243570427
5195052674759712046
-2277518557160807369
-3908552006934667015
-8577537092594110418
-2715832189532723552
-8591725246688996314
-6877210863258588192
5942580068307165204
7697921317504152141
-1323705004474895038
3523968668931516473
8708763560325368868
1685618881903601535
-6809079195362599432
-5685602503393574336
7702367835857715420
5942033904153309241
-2482115166690201194
-2228247270302226095
4960651917266580984
4978402514041141532
4069111171644921459
-8402615280886071963
-2147515486275286277
3094293898602238746
-4458245011278275078
-5090531322583414664
7301517388567833702
5840852880867843487
6505875937070299339
-4291107330729431469
-8632540229807721618
3231410140520846312
-4372342278216563985
9067458034758574441
5587122886836885408
-57167024322842107
2868290634651933512
-8470472211415525463
5126229382986482646
-8330177318910444596
-7260115012837074269
-8365788239271014215
-2631505835963473775
7006422955498725720
-4687652401249709790
4635541421251975104
4444538809815942711
322011515950961818
2415173524227782861
5401140137601462297
-8834356779822358514
-2158546774951374352
-3627158374105338201
-5935329614274008475
8755559346786539225
-2377671429476999320
-945573676653457614
-3358692269505998714
245170073794392183
-4129149007954137465
5730521719802184390
3288685408108844119
5061825951620102967
-7301680710575105489
4046496764963548976
-4742244214314968766
1149442028819396978
5284225414690914020
203251463786508407
-4976168389897510937
7193881469854268501
5955061777414214628
-4376405455210705328
-2384929018605582143
-2604494515308175827
-2749566582179357212
3247902953025099742
-214112947209201294
-3238589569580794755
-6850880511687131557
-5113954673580054853
443748424298996449
4743207609281160647
-8483512903543904044
-4379247820452209357
9179879420614690447
4507987928147477649
2615425226049888969
709944893639249564
5090670680639488645
-805614959043765769
591743024806900405
4899469786434878724
-6209302970466816480
1836555187162579672
-4780628265863036144
1315009618498473661
-4033240222365595136
244937959911721367
6958607494104131034
-2210194375077682787
-8071059233618203439
5405715873764971194
-1713991590099499492
3414266676439227853
-1337962690305221735
-303429875914004210
1312164508616819973
2396085611150343002
-5517401116436959009
2874144248539376545
7723241944697200189
8517947292668395884
7878086133896463164
-8945613676693457638
-873181404731804450
-5740148371925933882
6977297052051277633
-2864970131364548445
4489563673511019043
8500993396239092897
-7783767359467907092
-8671398044778357164
6387087975193770559
-4094504804738039741
-7158068093440012389
-2185840155926169542
7283655748413496857
-2508904341176662231
947642205940549167
442912898635693042
-7278142043567277172
3937009208401626102
6003831336496592001
-3904210248050890128
8308599786100622347
-2744606636255106278
7546612901109543094
-7192258715316889030
-6932528057568867609
4790107929558196912
5753024495996599592
5818382893362053755
-3835759376917652833
2840784003483222292
-6409133277725009790
8813604130293525651
-4595742089571904833
5618127243791055921
957630088479857345
1978209065824574247
395119817510087182
-3270956690720838371
2666165647163340944
-6059457345737298880
5576644993511241222
7461966230605672098
569940021530854113
-4350774118563465177
-2752119047024900440
-2480668193641922274
6291442923225351554
8271038810799090353
2327504309227366054
-2140361463758283053
-3593286523786250302
-3288086889604257964
3160598848269833883
1740126037981585888
1246453218617842851
-2638813346466022112
3261043446953365142
7933427407380960960
-1913077480394809437
-3134435460809863982
8614798793761585963
-6149403568898773703
-2263527763047078846
-4161232106162110292
7924497970773019201
-4757324986659053904
732225345006872595
-8058793464914429671
5563552157167479274
5973691847519381699
-4248035397448942774
-6636530880935474404
5706344191507825718
-2512346814961359892
-5507078822517359344
2562570278968530697
363026071972955475
7398631798606661688
-4291493300288812940
1591780979474750959
-8931153647420476080
-2084649285833052775
3601908083158555273
-6925483313724611087
-1811468762119777118
-96415308824933540
6437230815004219214
-7629098500201070516
-3454045075070127268
-9212881193929071613
-2601420231829081368
3867686512607885141
-9061828969851678390
-1365937918157381084
6943357686311161881
-8877588822182413621
-7717307706597034768
-6941072618461313849
-1607863647374231353
-5492238387967642597
7937392720817863936
-9008925037793886842
-8936615423548208677
-8031637693064444227
1509707312768337838
-2700764582293572246
-6040061883174458353
-3473982758005783430
7265949492506113547
2850367919157922070
-8263821218933164468
390427073704203351
2749323491628044459
4840715880086842414
-5389453858436958168
197283758574659585
-4277504556958806803
-8543134814286327823
1685127048144178754
6982617424015263755
7109260904701481229
3728815277490154198
2729111190626408579
-4477989572181922377
-4346530999522010552
-3247029476127723832
-2316595484593170922
-6968743648143929951
372824948001296711
-3061873284528456248
-518697508631425659
-7839463720297334614
-2313870711084007638
-9045161734922059274
-6974448804336129376
-4601790451622501802
-1159514227928535208
4136187443925457351
-8344184689912001345
-1510321897564962820
-7642403449709161291
-6035861019586388180
-4620747219322851425
-7507096822571359314
-6076847073309671938
-6758942141122113907
-660758538837054786
6755259377998476531
-8753953007931296119
2606984352060215314
-3886495748707495361
-9091771158315767194
-6606499481409674037
-3966324279534387421
8065326060926824308
639720505558266916
8923423159850053928
-6840647354657799328
7876300673940894569
3613386045962125096
-747962002515958563
-4749298169084869151
1052342010704604792
461436028263880214
2269742446020584054
2493976369613713098
-6579494630017862290
4972169293096900768
-7963789764073362950
-1244780622073523653
7139336849268940543
-5377744807982831194
-4488464012437086531
-146867728338383595
1597326573998880188
-7202475221706481200
-1534981837265632499
6158500871224119394
-6911092332540613267
-8506521236582392808
-4483249651745840664
-1078453515786483402
-5432793419857406993
-2400257488542407727
-4046904952599809426
-3371239597013147908
8532503536113702039
-6831250779365929435
-92860682507089288
7178462458998249847
2956108618420608905
4217012776222153798
7118972759448144772
-1828317107061269531
-8885069682816774814
2060630291013198133
-1945278234078776687
5821099149145127900
3638162940470731911
-3856154743789177934
-23625053264343968
7913400407431354867
-3895054941927964525
2158849213884899151
279996543863601173
-584725475039215926
-1477834571346921172
-4343998561613089743
-2317497119690650259
-7988411047591774888
-1026774652826195893
5277709259355426347
-5773269986924675698
3401083608475308196
3630144468001158950
-5582178418720239919
-5755742251322795648
-4885267324371405324
-8294426931183223528
1368382100401604712
4986547532010670575
-309179178474245125
-7489973769578614435
4376966258071255609
6718160118244358137
3042294965962757528
1797701934329285597
501174938575526146
3036926867604684520
-465527815784376703
2152720316933993716
-4771703280956337845
-4530635517516786435
6153924391977698761
7289520544701010248
7837646487489571053
3972493657017129406
6483290456065237989
6526512487506688907
-260764653006089998
-2198834017210585710
-4498992365827597394
-1272799350744810580
-6691599696714076992
-6169574178834362026
-4187026665048715788
-4255906145781727386
-5778630938297884387
-1296438675909954008
6264232204593613606
-2762359234746621721
-1964490991768378771
7478652512733220686
3009772007719204112
4517730048981926303
-4513595997331796355
715406001842462900
2820237770657228086
-1490375857486803458
1043361473087907312
-6346300739520814215
6689024254240076864
7739171563081867691
3752082673944586531
-3304995273933712655
-7261194805221226386
-5516931871002486896
8732843514650058678
2241488058004423468
2056976393823539020
-7082273763951028651
5150083372514325217
-3423450385060590478
1498101358485403935
3972456192477785643
-5881091356465260065
-7274130935521678793
5945192601099058576
